1 2 1 55 0 100 21

0 0 110 0 5 61 142 
1 684.667 424 -1 1 384 368 
1 457.667 281 1 -1 384 368 
1 352.667 279 1 1 384 368 
3 542 -69 -1 3 512 597 1 3
3 691 55 -1 2.5 512 597 1 4
3 715 69 -1 3 512 597 1 2
3 581 90 -1 3 512 597 0 5
3 625 102 -1 3 512 597 0 3
3 656 134.5 -1 3.5 512 597 0 2
3 455 210 -1 3 512 597 1 6
3 662 370 -1 2 512 597 1 6
3 789 261 -1 3 512 597 1 2
2 697 257 0 1 352 238 0
4 550 166 1 10 150 30 
3 537 425 -1 3.5 512 597 1 0
3 532 506 -1 2 512 597 1 5
3 603 568 -1 2 512 597 1 5
2 601 151 0 1 352 238 0
2 676 169 0 1 352 238 1
