6 6 0 105 1 300 25

0 0 235 0 5 61 142 
1 525.667 176 1 1 384 368 
1 354.667 363 1 1 384 368 
1 631.667 24 1 -1 384 368 
1 761.667 49 1 -1 384 368 
1 680.667 301 1 -1 384 368 
1 666.667 265 1 -1 384 368 
3 496 -80 -1 2 512 597 1 3
3 651 -405 -1 3 512 597 1 6
3 738 -42 -1 2 512 597 1 1
3 605 -36 -1 2 512 597 1 6
3 586 -279 -1 3 512 597 1 6
3 579 -422 -1 3.5 512 597 1 0
3 605 -210 -1 3 512 597 1 4
3 724 -186 -1 3 512 597 1 2
3 456 -27 -1 3 512 597 1 2
3 709 302 -1 2 512 597 1 5
3 531 96 -1 3.5 512 597 1 3
3 654 166 -1 3.5 512 597 1 6
3 528 312.5 -1 2.5 512 597 1 2
3 760 215 -1 3.5 512 597 1 3
3 517 392 -1 2 512 597 1 1
3 708 463.5 -1 3.5 512 597 1 6
3 791 544 -1 2 512 597 1 2
