3 3 0 0 0 100 22

0 0 240 0 5 61 142 
1 578.667 252 1 1 384 368 
1 692.667 457 1 1 384 368 
1 666.667 499 1 -1 384 368 
3 441 -112.5 -1 2.5 512 597 1 3
3 756 -345 -1 3.5 512 597 1 1
3 664 146 -1 2 512 597 1 4
3 426 196 -1 2 512 597 1 1
3 518 -96.5 -1 3.5 512 597 1 2
3 572 -68.5 -1 3.5 512 597 1 3
3 735 45 -1 3 512 597 1 6
3 590 152.5 -1 2.5 512 597 1 4
3 528 78.5 -1 3.5 512 597 1 5
3 412 96 -1 3.5 512 597 1 0
3 532 392.5 -1 2.5 512 597 1 1
3 517 476 -1 2 512 597 1 6
3 662 455 -1 2.5 512 597 1 6
3 743 515 -1 2.5 512 597 1 5
3 742 534 -1 3 512 597 1 6
3 516 533.5 -1 3.5 512 597 1 5
3 726 567 -1 3 512 597 1 5
