3 3 0 0 0 100 26

0 0 100 0 5 61 142 
1 704.667 2 1 1 384 368 
1 642.667 81 -1 -1 384 368 
1 695.667 411 -1 1 384 368 
3 422 -447.5 -1 2.5 512 597 1 0
3 597 -387.5 -1 2.5 512 597 1 5
3 682 -282.5 -1 2.5 512 597 1 6
3 701 -456 -1 3 512 597 1 6
3 448 -10 -1 2 512 597 1 1
3 699 0 -1 2 512 597 1 5
3 457 2 -1 2 512 597 1 0
3 730 -355.5 -1 3.5 512 597 1 1
3 456 17.5 -1 2.5 512 597 1 6
3 615 -57 -1 3 512 597 1 0
3 425 21 -1 3 512 597 1 3
3 592 125 -1 2.5 512 597 1 2
3 744 42 -1 3 512 597 1 2
3 539 195 -1 2.5 512 597 1 4
3 694 177 -1 3 512 597 1 6
3 452 352.5 -1 2.5 512 597 1 0
3 732 278 -1 3.5 512 597 1 2
3 437 447 -1 3 512 597 1 3
3 523 453 -1 3 512 597 1 4
3 475 477.5 -1 3.5 512 597 1 3
3 556 579 -1 3 512 597 1 3
