9 9 0 320 2 600 55

0 0 95 0 5 61 142 
1 494.667 85 -1 -1 384 368 
1 648.667 86 -1 1 384 368 
1 754.667 301 -1 -1 384 368 
1 479.667 267 -1 1 384 368 
1 757.667 227 -1 -1 384 368 
1 751.667 2 -1 -1 384 368 
1 383.667 501 -1 -1 384 368 
1 678.667 230 -1 1 384 368 
1 755.667 7 1 -1 384 368 
3 527 -1913 -1 3.5 512 597 1 1
3 757 -1182.5 -1 2.5 512 597 1 0
3 577 -818 -1 2 512 597 1 3
3 469 -788 -1 2 512 597 1 1
3 586 -674 -1 2 512 597 1 1
3 564 -1287 -1 3 512 597 1 5
3 424 -950 -1 2.5 512 597 1 0
3 493 -626 -1 2 512 597 1 5
3 709 -907.5 -1 2.5 512 597 1 1
3 590 -574 -1 2 512 597 1 1
3 756 -862.5 -1 2.5 512 597 1 6
3 430 -845 -1 2.5 512 597 1 2
3 531 -775 -1 2.5 512 597 1 1
3 511 -1321.5 -1 3.5 512 597 1 0
3 425 -740 -1 2.5 512 597 1 4
3 542 -1002 -1 3 512 597 1 5
3 593 -945 -1 3 512 597 1 0
3 790 -374 -1 2 512 597 1 2
3 427 -1034.5 -1 3.5 512 597 1 6
3 440 -777 -1 3 512 597 1 5
3 657 -316 -1 2 512 597 1 0
3 709 -310 -1 2 512 597 1 3
3 402 -294 -1 2 512 597 1 6
3 714 -482.5 -1 2.5 512 597 1 1
3 732 -248 -1 2 512 597 1 6
3 653 -236 -1 2 512 597 1 2
3 654 -429 -1 3 512 597 1 3
3 574 -357 -1 3 512 597 1 4
3 695 -474.5 -1 3.5 512 597 1 2
3 495 -160 -1 2.5 512 597 1 4
3 722 -219 -1 3 512 597 1 3
3 465 -198 -1 3 512 597 1 0
3 690 76 -1 2 512 597 1 5
3 732 86 -1 2 512 597 1 5
3 549 5 -1 2.5 512 597 1 3
3 699 80 -1 2.5 512 597 1 5
3 451 100 -1 2.5 512 597 1 0
3 622 159 -1 3 512 597 1 3
3 703 180 -1 3.5 512 597 1 4
3 556 218.5 -1 3.5 512 597 1 4
3 629 384 -1 2 512 597 1 3
3 643 532 -1 2 512 597 1 3
3 468 512.5 -1 3.5 512 597 1 2
3 653 561 -1 3 512 597 1 1
