3 3 0 0 0 100 22

0 0 0 0 5 61 142 
1 739.667 401 1 -1 384 368 
1 526.667 397 1 -1 384 368 
1 418.667 485 1 1 384 368 
3 468 -351 -1 3 512 597 1 4
3 479 -297 -1 3 512 597 1 0
3 591 -125 -1 2.5 512 597 1 4
3 442 -92.5 -1 2.5 512 597 1 2
3 719 54 -1 2 512 597 1 1
3 471 -55 -1 2.5 512 597 1 5
3 508 -30 -1 2.5 512 597 1 5
3 672 116 -1 2 512 597 1 0
3 703 -187.5 -1 3.5 512 597 1 3
3 661 174 -1 2 512 597 1 5
3 429 21 -1 3 512 597 1 5
3 687 141 -1 3 512 597 1 2
3 519 124 -1 3.5 512 597 1 4
3 615 255 -1 3 512 597 1 4
3 726 430 -1 2 512 597 1 1
3 676 460 -1 2.5 512 597 1 2
3 436 552.5 -1 2.5 512 597 1 6
